1 0.0368336
2 0.0221483
3 0.0162971
4 0.0131773
5 0.0112673
6 0.010004
7 0.00912902
8 0.0085061
9 0.00805648
10 0.00773125
11 0.00749844
12 0.00733618
13 0.00722904
14 0.00716581
15 0.00713812
16 0.0071396
17 0.00716534
18 0.00721146
19 0.00727488
20 0.0073531
21 0.00744408
22 0.00754615
23 0.00765792
24 0.00777821
25 0.00790604
26 0.00804055
27 0.00818104
28 0.00832688
29 0.00847753
30 0.00863253
31 0.00879146
32 0.00895397
33 0.00911974
34 0.0092885
35 0.00945998
36 0.00963397
37 0.00981028
38 0.00998871
39 0.0101691
40 0.0103514
41 0.0105353
42 0.0107208
43 0.0109078
44 0.0110961
45 0.0112858
46 0.0114766
47 0.0116686
48 0.0118616
49 0.0120556
50 0.0122505
51 0.0124464
52 0.012643
53 0.0128405
54 0.0130386
55 0.0132375
56 0.0134371
57 0.0136372
58 0.013838
59 0.0140394
60 0.0142412
61 0.0144436
62 0.0146465
63 0.0148499
64 0.0150537
65 0.0152579
66 0.0154625
67 0.0156676
68 0.0158729
69 0.0160787
70 0.0162848
71 0.0164912
72 0.0166979
73 0.0169049
74 0.0171122
75 0.0173198
76 0.0175277
77 0.0177358
78 0.0179441
79 0.0181527
80 0.0183615
81 0.0185706
82 0.0187798
83 0.0189893
84 0.0191989
85 0.0194088
86 0.0196188
87 0.019829
88 0.0200393
89 0.0202499
90 0.0204606
91 0.0206714
92 0.0208824
93 0.0210936
94 0.0213048
95 0.0215163
96 0.0217278
97 0.0219395
98 0.0221513
99 0.0223632